INSERT INTO survey_app_questionbank_sub_survey_sections (id, questionbank_id, subsurveysection_id) VALUES
(1, 1, 1),
(2, 1, 2),
(3, 2, 2),
(4, 3, 3),
(5, 4, 3),
(6, 5, 3),
(7, 6, 3),
(8, 7, 3),
(9, 8, 3),
(10, 9, 3),
(11, 10, 4),
(12, 11, 4),
(13, 12, 4),
(14, 13, 4),
(15, 14, 4),
(16, 15, 4),
(17, 16, 4),
(18, 17, 4),
(19, 18, 4),
(20, 19, 4),
(21, 20, 4),
(22, 21, 4),
(23, 22, 4),
(24, 23, 4),
(25, 24, 4),
(26, 25, 5),
(27, 26, 5),
(28, 27, 5),
(29, 28, 5),
(30, 29, 5),
(31, 30, 5),
(32, 31, 5),
(33, 32, 5),
(34, 33, 5),
(35, 34, 5),
(36, 35, 5),
(37, 36, 5),
(38, 37, 5),
(39, 38, 5),
(40, 39, 5),
(41, 40, 5),
(42, 41, 5);
